10 449.66 0 1680 1 1680
4.17 94.31 18.45 48.94 86.04 29.33 59.51 83.13 72.25 92.13 
76.44 88.96 46.29 75.99 57.14 32.25 19.46 48.29 85.09 62.82 
1 9 2 5 8 3 6 8 7 9 
1 2 3 4 5 6 7 8 9 10 
1 1 1 3 2 3 2 2 2 1 
1 2 1 2 1 2 3 1 3 2 
6 8 4 4 7 7 4 7 1 7 
4017.02 3581.14 4433.05 4317.13 3622.61 3845.12 4390.7 3823.86 4409.88 3480.65 
0.5 0.68 0.06 0.06 0.21 0.2 0.06 0.23 0.71 0.19 
0.85 0.88 0.8 0.96 0.86 0.73 1.0 0.53 0.92 0.77 
0.75 0.54 0.88 0.63 0.76 0.75 1.0 0.64 1.0 1.0 
0.68 0.87 0.64 0.79 0.79 0.51 0.89 0.87 0.57 0.99 
0.72 0.92 0.82 0.58 0.65 1.0 1.0 0.97 0.91 0.76 
1.0 0.89 0.8 0.78 0.58 0.93 0.91 0.97 0.59 0.57 
0.31 0.34 0.29 0.22 0.2 0.26 0.81 0.28 0.28 0.33 
1148.26 928.02 619.04 578.34 1478.97 1303.09 522.72 1303.7 2056.96 1424.7 
390.32 287.12 151.02 142.0 318.97 327.32 415.09 400.28 581.53 497.02 
5241.32 4140.11 2595.21 2391.7 6894.85 6015.43 2113.61 6018.51 9784.78 6623.48 
1451.58 935.6 255.12 209.99 1094.85 1136.6 1575.45 1501.39 2407.65 1985.08 
80.34 71.62 88.66 172.69 108.68 153.8 131.72 114.72 132.3 69.61 
80 71 88 259 144 230 175 152 176 69 
1157 1651 1257 726 1515 721 1337 74 600 904 
1680 1680 1680 1680 1680 889 1680 1680 768 1680 
5
0.0 0.0 0.0 0.0 0.0 
0.0 100.0 100.0 100.0 0.0 
0 100 100 100 0 76 129 49 90 103 43 62 96 111 111 
100 0 0 0 100 23 94 56 54 96 73 100 97 73 99 
100 0 0 0 100 23 94 56 54 96 73 100 97 73 99 
100 0 0 0 100 23 94 56 54 96 73 100 97 73 99 
0 100 100 100 0 76 129 49 90 103 43 62 96 111 111 
76 23 23 23 76 0 91 33 44 84 50 79 83 68 89 
129 94 94 94 129 91 0 87 47 32 86 77 42 22 26 
49 56 56 56 49 33 87 0 42 68 17 49 64 66 75 
90 54 54 54 90 44 47 42 0 41 47 57 44 25 45 
103 96 96 96 103 84 32 68 41 0 61 46 9 31 8 
43 73 73 73 43 50 86 17 47 61 0 32 56 68 69 
62 100 100 100 62 79 77 49 57 46 32 0 37 66 54 
96 97 97 97 96 83 42 64 44 9 56 37 0 38 17 
111 73 73 73 111 68 22 66 25 31 68 66 38 0 29 
111 99 99 99 111 89 26 75 45 8 69 54 17 29 0 
