10 399.7 0 1680 1 1680
1.31 74.49 42.77 15.77 19.48 79.0 75.85 17.7 27.89 13.1 
64.15 12.81 17.89 48.66 72.81 74.73 17.28 72.31 44.51 18.02 
1 7 4 2 2 8 7 2 3 2 
1 2 3 4 5 6 7 8 9 10 
3 3 3 1 1 1 3 1 1 1 
3 1 2 3 3 2 1 3 3 3 
2 2 4 7 9 3 7 2 5 3 
3354.77 3369.14 3636.03 3159.66 4301.15 3376.57 3614.57 3380.8 3606.07 4188.87 
0.11 0.61 0.59 0.59 0.32 0.69 0.47 0.15 0.61 0.22 
0.71 0.9 0.57 0.71 0.56 0.71 0.9 0.82 0.67 0.87 
0.92 0.95 0.88 0.68 0.9 0.99 0.51 0.58 0.81 0.96 
0.84 1.0 1.0 0.92 0.78 1.0 0.74 1.0 0.84 0.59 
0.94 0.66 0.78 0.87 0.78 0.59 0.8 0.5 0.84 0.64 
0.83 0.84 0.75 0.93 0.86 0.6 1.0 0.69 0.72 0.82 
0.43 0.47 0.3 0.36 0.27 0.25 0.27 0.17 0.27 0.26 
877.91 1054.32 1429.94 1281.97 886.3 1043.71 1178.64 854.9 882.67 683.04 
364.35 484.62 367.47 458.93 232.19 229.41 370.77 201.79 216.38 163.56 
3889.53 4771.61 6649.71 5909.84 3931.51 4718.53 5393.2 3774.48 3913.37 2915.18 
1321.74 1923.1 1337.34 1794.67 660.94 647.06 1353.83 508.94 581.88 317.79 
134.19 134.77 145.44 63.19 86.02 67.53 144.58 67.62 72.12 83.78 
201 202 218 63 86 67 216 67 72 83 
1546 1561 157 60 1655 431 11 1540 1131 1192 
1680 1680 1081 1362 1680 1680 179 1680 1299 1680 
10
0.0 0.0 0.0 0.0 0.0 0.0 0.0 0.0 0.0 0.0 
100.0 0.0 100.0 100.0 0.0 0.0 0.0 0.0 0.0 0.0 
0 100 0 0 100 100 100 100 100 100 35 114 92 53 33 82 112 32 62 83 
100 0 100 100 0 0 0 0 0 0 64 75 46 51 75 108 77 74 52 22 
0 100 0 0 100 100 100 100 100 100 35 114 92 53 33 82 112 32 62 83 
0 100 0 0 100 100 100 100 100 100 35 114 92 53 33 82 112 32 62 83 
100 0 100 100 0 0 0 0 0 0 64 75 46 51 75 108 77 74 52 22 
100 0 100 100 0 0 0 0 0 0 64 75 46 51 75 108 77 74 52 22 
100 0 100 100 0 0 0 0 0 0 64 75 46 51 75 108 77 74 52 22 
100 0 100 100 0 0 0 0 0 0 64 75 46 51 75 108 77 74 52 22 
100 0 100 100 0 0 0 0 0 0 64 75 46 51 75 108 77 74 52 22 
100 0 100 100 0 0 0 0 0 0 64 75 46 51 75 108 77 74 52 22 
35 64 35 35 64 64 64 64 64 64 0 89 62 21 20 78 88 18 33 47 
114 75 114 114 75 75 75 75 75 75 89 0 32 68 81 62 4 82 56 61 
92 46 92 92 46 46 46 46 46 46 62 32 0 40 59 67 33 59 30 29 
53 51 53 53 51 51 51 51 51 51 21 68 40 0 24 68 67 23 12 30 
33 75 33 33 75 75 75 75 75 75 20 81 59 24 0 59 79 1 29 55 
82 108 82 82 108 108 108 108 108 108 78 62 67 68 59 0 57 61 59 86 
112 77 112 112 77 77 77 77 77 77 88 4 33 67 79 57 0 80 55 62 
32 74 32 32 74 74 74 74 74 74 18 82 59 23 1 61 80 0 29 54 
62 52 62 62 52 52 52 52 52 52 33 56 30 12 29 59 55 29 0 30 
83 22 83 83 22 22 22 22 22 22 47 61 29 30 55 86 62 54 30 0 
