10 541.62 0 1680 1 1680
81.31 24.69 38.17 94.33 9.25 70.55 94.61 16.9 24.43 85.89 
37.99 79.87 59.09 58.28 58.02 26.12 52.91 20.89 26.9 27.5 
8 3 4 9 1 7 9 2 3 8 
1 2 3 4 5 6 7 8 9 10 
2 3 3 2 2 2 2 2 3 2 
1 3 3 1 3 1 1 1 3 1 
5 2 7 2 7 3 9 3 8 7 
4394.81 3877.53 4332.82 3788.98 4084.64 4423.15 3237.24 4801.53 3835.01 4344.13 
0.14 0.34 0.5 0.24 0.57 0.74 0.41 0.34 0.61 0.61 
0.76 0.96 0.5 0.97 0.92 0.6 1.0 0.58 0.72 0.59 
0.74 0.87 0.88 0.96 0.67 0.84 1.0 0.88 0.72 0.7 
0.73 0.95 0.93 1.0 0.84 1.0 0.77 0.51 0.95 1.0 
0.79 0.76 1.0 0.9 0.96 0.97 1.0 0.7 0.59 0.91 
0.57 1.0 0.56 1.0 0.96 0.54 0.73 0.95 1.0 1.0 
0.19 0.6 0.23 0.84 0.48 0.26 0.56 0.18 0.29 0.38 
1149.49 902.25 948.99 756.94 1011.73 1659.24 1772.69 1244.16 1237.54 1124.04 
204.18 556.42 188.41 622.65 441.28 445.48 1047.22 215.74 334.77 462.65 
5247.46 4011.23 4244.95 3284.7 4558.63 7796.22 8363.46 5720.8 5687.71 5120.2 
520.88 2282.09 442.06 2613.27 1706.4 1727.38 4736.11 578.71 1173.84 1813.24 
131.84 155.1 173.31 113.67 122.54 132.69 97.12 144.05 153.4 130.32 
175 232 259 151 163 176 129 192 230 173 
395 705 309 276 1654 1099 189 1096 1158 1026 
1680 873 1233 822 1680 1267 1680 1264 1680 1680 
5
0.0 0.0 0.0 0.0 0.0 
0.0 0.0 100.0 0.0 100.0 
0 0 100 0 100 89 83 70 110 58 75 108 26 36 90 
0 0 100 0 100 89 83 70 110 58 75 108 26 36 90 
100 100 0 100 0 102 31 55 103 42 102 105 80 77 112 
0 0 100 0 100 89 83 70 110 58 75 108 26 36 90 
100 100 0 100 0 102 31 55 103 42 102 105 80 77 112 
89 89 102 89 102 0 70 48 24 74 16 19 66 57 11 
83 83 31 83 31 70 0 24 72 26 70 74 59 52 80 
70 70 55 70 55 48 24 0 56 28 46 56 43 35 57 
110 110 103 110 103 24 72 56 0 85 40 5 85 76 31 
58 58 42 58 42 74 26 28 85 0 69 85 37 34 82 
75 75 102 75 102 16 70 46 40 69 0 36 53 46 15 
108 108 105 108 105 19 74 56 5 85 36 0 84 74 26 
26 26 80 26 80 66 59 43 85 37 53 84 0 9 69 
36 36 77 36 77 57 52 35 76 34 46 74 9 0 61 
90 90 112 90 112 11 80 57 31 82 15 26 69 61 0 
