10 518.79 0 1680 1 1680
32.0 80.69 59.6 96.48 38.68 90.99 94.57 80.19 14.99 4.26 
50.19 79.64 60.4 20.35 58.85 22.77 83.53 20.58 58.68 63.54 
3 8 6 9 4 9 9 8 2 1 
1 2 3 4 5 6 7 8 9 10 
1 3 3 2 2 2 2 3 1 3 
2 3 1 3 1 3 3 3 2 1 
6 10 7 7 7 7 7 6 9 7 
4164.71 4127.19 4145.89 4165.65 4125.93 4141.37 4166.91 3814.03 3294.42 4157.57 
0.52 0.23 0.22 0.34 0.22 0.45 0.11 0.59 0.37 0.25 
0.51 0.61 0.6 0.96 0.78 0.81 1.0 0.79 0.81 0.87 
0.6 0.65 0.81 0.94 0.76 0.69 1.0 0.92 1.0 0.83 
0.82 0.67 0.98 0.58 0.86 0.78 0.56 0.81 0.5 0.61 
0.93 1.0 0.54 0.86 0.87 1.0 0.57 0.99 1.0 0.82 
0.97 0.78 1.0 0.55 0.97 0.82 0.92 0.92 0.74 0.55 
0.23 0.21 0.25 0.25 0.43 0.36 0.3 0.54 0.3 0.2 
1504.73 903.16 1291.33 1243.09 1610.82 2022.06 1268.04 1732.12 1216.13 1269.89 
342.74 211.26 359.27 297.8 623.45 677.86 395.53 990.25 395.73 243.39 
7023.67 4015.8 5956.63 5715.45 7554.12 9610.3 5840.21 8160.59 5580.63 5849.43 
1213.68 556.32 1296.34 989.02 2617.24 2889.3 1477.67 4451.24 1478.64 716.96 
83.29 165.09 165.84 124.97 123.78 124.24 125.01 152.56 65.89 166.3 
83 247 248 166 165 165 166 228 65 249 
738 1156 1564 1495 896 1320 549 469 397 104 
1680 1680 1680 1680 1680 1488 1680 1393 1680 1028 
10
0.0 0.0 0.0 0.0 0.0 0.0 0.0 0.0 0.0 0.0 
100.0 0.0 100.0 100.0 100.0 100.0 0.0 100.0 0.0 0.0 
0 100 0 0 0 0 100 0 100 100 59 83 71 125 56 119 95 112 43 36 
100 0 100 100 100 100 0 100 0 0 59 113 84 98 70 93 126 82 60 63 
0 100 0 0 0 0 100 0 100 100 59 83 71 125 56 119 95 112 43 36 
0 100 0 0 0 0 100 0 100 100 59 83 71 125 56 119 95 112 43 36 
0 100 0 0 0 0 100 0 100 100 59 83 71 125 56 119 95 112 43 36 
0 100 0 0 0 0 100 0 100 100 59 83 71 125 56 119 95 112 43 36 
100 0 100 100 100 100 0 100 0 0 59 113 84 98 70 93 126 82 60 63 
0 100 0 0 0 0 100 0 100 100 59 83 71 125 56 119 95 112 43 36 
100 0 100 100 100 100 0 100 0 0 59 113 84 98 70 93 126 82 60 63 
100 0 100 100 100 100 0 100 0 0 59 113 84 98 70 93 126 82 60 63 
59 59 59 59 59 59 59 59 59 59 0 56 29 71 10 65 70 56 19 30 
83 113 83 83 83 83 113 83 113 113 56 0 28 61 46 57 14 59 68 78 
71 84 71 71 71 71 84 71 84 84 29 28 0 54 20 48 41 44 44 55 
125 98 125 125 125 125 98 125 98 98 71 61 54 0 69 5 63 16 90 101 
56 70 56 56 56 56 70 56 70 70 10 46 20 69 0 63 61 56 23 34 
119 93 119 119 119 119 93 119 93 93 65 57 48 5 63 0 60 11 84 95 
95 126 95 95 95 95 126 95 126 126 70 14 41 63 61 60 0 64 83 92 
112 82 112 112 112 112 82 112 82 82 56 59 44 16 56 11 64 0 75 87 
43 60 43 43 43 43 60 43 60 60 19 68 44 90 23 84 83 75 0 11 
36 63 36 36 36 36 63 36 63 63 30 78 55 101 34 95 92 87 11 0 
